top-left:
  lat: -29.955771
  long: -51.268056

top-right:
  lat: -29.955771
  long: -51.027856

bottom-left:
  lat: -30.145293
  long: -51.268056

bottom-right:
  lat: -30.145293
  long: -51.027856
